Simulation Iteration Time Var1 Var2
1.00000 0.00000 0.00000 100.000 100.000
2.00000 0.00000 0.00000 100.000 100.000
1.00000 1.00000 0.00659850 102.000 100.000
2.00000 1.00000 0.00295225 101.000 99.0000
1.00000 11.0000 0.0273023 110.000 98.0000
2.00000 11.0000 0.0170412 111.000 99.0000
1.00000 21.0000 0.0420200 116.000 100.000
2.00000 21.0000 0.0411249 121.000 99.0000
1.00000 31.0000 0.0680828 126.000 100.000
2.00000 31.0000 0.0633574 129.000 99.0000
1.00000 41.0000 0.0903966 136.000 100.000
2.00000 41.0000 0.0792434 133.000 102.000
1.00000 51.0000 0.102589 142.000 99.0000
2.00000 51.0000 0.101774 143.000 102.000
1.00000 61.0000 0.116200 147.000 100.000
2.00000 61.0000 0.123386 151.000 103.000
1.00000 71.0000 0.128830 153.000 102.000
2.00000 71.0000 0.140534 157.000 105.000
1.00000 81.0000 0.144720 161.000 102.000
2.00000 81.0000 0.153177 167.000 105.000
1.00000 91.0000 0.161398 169.000 103.000
2.00000 91.0000 0.182499 176.000 104.000
1.00000 101.000 0.179644 176.000 103.000
2.00000 101.000 0.191137 179.000 105.000
1.00000 111.000 0.195316 184.000 104.000
2.00000 111.000 0.208780 187.000 106.000
1.00000 121.000 0.216699 192.000 105.000
2.00000 121.000 0.222700 197.000 106.000
1.00000 131.000 0.232153 200.000 106.000
2.00000 131.000 0.234306 203.000 107.000
1.00000 141.000 0.244492 210.000 106.000
2.00000 141.000 0.249337 210.000 107.000
1.00000 151.000 0.256109 216.000 108.000
2.00000 151.000 0.273428 218.000 108.000
1.00000 161.000 0.270544 224.000 109.000
2.00000 161.000 0.287840 227.000 107.000
1.00000 171.000 0.281476 230.000 111.000
2.00000 171.000 0.304434 233.000 109.000
1.00000 181.000 0.302070 238.000 112.000
2.00000 181.000 0.324398 240.000 109.000
1.00000 191.000 0.320429 246.000 113.000
2.00000 191.000 0.335035 246.000 111.000
1.00000 201.000 0.331975 254.000 114.000
2.00000 201.000 0.344652 252.000 112.000
1.00000 211.000 0.343366 256.000 118.000
2.00000 211.000 0.361428 256.000 115.000
1.00000 221.000 0.361152 264.000 119.000
2.00000 221.000 0.373966 262.000 117.000
1.00000 231.000 0.374120 270.000 120.000
2.00000 231.000 0.383490 271.000 116.000
1.00000 241.000 0.390675 280.000 120.000
2.00000 241.000 0.393235 276.000 117.000
1.00000 251.000 0.405246 290.000 120.000
2.00000 251.000 0.410103 283.000 117.000
1.00000 261.000 0.414027 295.000 120.000
2.00000 261.000 0.421341 283.000 120.000
1.00000 271.000 0.431873 303.000 121.000
2.00000 271.000 0.435484 291.000 121.000
1.00000 281.000 0.454630 309.000 123.000
2.00000 281.000 0.445827 299.000 122.000
1.00000 291.000 0.468580 314.000 124.000
2.00000 291.000 0.464558 305.000 123.000
1.00000 301.000 0.480932 319.000 125.000
2.00000 301.000 0.487823 311.000 123.000
1.00000 311.000 0.499205 326.000 124.000
2.00000 311.000 0.502341 319.000 123.000
1.00000 321.000 0.506776 329.000 123.000
2.00000 321.000 0.517076 323.000 124.000
1.00000 331.000 0.524572 335.000 124.000
2.00000 331.000 0.530261 330.000 124.000
1.00000 341.000 0.530727 339.000 127.000
2.00000 341.000 0.546806 336.000 126.000
1.00000 351.000 0.540327 345.000 129.000
2.00000 351.000 0.557180 344.000 127.000
1.00000 361.000 0.546867 350.000 130.000
2.00000 361.000 0.570975 351.000 127.000
1.00000 371.000 0.558551 356.000 132.000
2.00000 371.000 0.583195 359.000 128.000
1.00000 381.000 0.570579 365.000 131.000
2.00000 381.000 0.591480 365.000 129.000
1.00000 391.000 0.589736 369.000 133.000
2.00000 391.000 0.599365 367.000 131.000
1.00000 401.000 0.596145 373.000 136.000
2.00000 401.000 0.606961 372.000 132.000
1.00000 411.000 0.611879 378.000 137.000
2.00000 411.000 0.623183 376.000 134.000
1.00000 421.000 0.620612 384.000 138.000
2.00000 421.000 0.632121 378.000 135.000
1.00000 431.000 0.643472 394.000 138.000
2.00000 431.000 0.646719 386.000 136.000
1.00000 441.000 0.656074 398.000 138.000
2.00000 441.000 0.656772 391.000 137.000
1.00000 451.000 0.668322 404.000 139.000
2.00000 451.000 0.667464 399.000 138.000
1.00000 461.000 0.673254 400.000 143.000
2.00000 461.000 0.678195 407.000 138.000
1.00000 471.000 0.683598 406.000 144.000
2.00000 471.000 0.693861 417.000 138.000
1.00000 481.000 0.698710 411.000 145.000
2.00000 481.000 0.707381 425.000 139.000
1.00000 491.000 0.706756 419.000 146.000
2.00000 491.000 0.717634 433.000 140.000
1.00000 501.000 0.715823 425.000 147.000
2.00000 501.000 0.727344 441.000 141.000
1.00000 511.000 0.734485 433.000 145.000
2.00000 511.000 0.738732 449.000 139.000
1.00000 521.000 0.742324 439.000 146.000
2.00000 521.000 0.747174 451.000 142.000
1.00000 531.000 0.750070 445.000 145.000
2.00000 531.000 0.758529 457.000 144.000
1.00000 541.000 0.757368 451.000 144.000
2.00000 541.000 0.774848 467.000 144.000
1.00000 551.000 0.769912 461.000 144.000
2.00000 551.000 0.781956 469.000 148.000
1.00000 561.000 0.782636 467.000 146.000
2.00000 561.000 0.790066 471.000 152.000
1.00000 571.000 0.788647 474.000 145.000
2.00000 571.000 0.802271 477.000 154.000
1.00000 581.000 0.804746 480.000 147.000
2.00000 581.000 0.810153 482.000 154.000
1.00000 591.000 0.812483 482.000 150.000
2.00000 591.000 0.826028 490.000 154.000
1.00000 601.000 0.824383 484.000 151.000
2.00000 601.000 0.836408 493.000 154.000
1.00000 611.000 0.829828 487.000 153.000
2.00000 611.000 0.847341 495.000 157.000
1.00000 621.000 0.836524 485.000 157.000
2.00000 621.000 0.862144 502.000 157.000
1.00000 631.000 0.848916 489.000 159.000
2.00000 631.000 0.867191 502.000 160.000
1.00000 641.000 0.859195 491.000 162.000
2.00000 641.000 0.881259 510.000 161.000
1.00000 651.000 0.866170 499.000 162.000
2.00000 651.000 0.894575 518.000 162.000
1.00000 661.000 0.872594 502.000 163.000
2.00000 661.000 0.900918 521.000 163.000
1.00000 671.000 0.886384 512.000 163.000
2.00000 671.000 0.910973 523.000 166.000
1.00000 681.000 0.893308 518.000 163.000
2.00000 681.000 0.921902 532.000 165.000
1.00000 691.000 0.906265 528.000 163.000
2.00000 691.000 0.928626 540.000 165.000
1.00000 701.000 0.913463 532.000 166.000
2.00000 701.000 0.937420 548.000 166.000
1.00000 711.000 0.920759 540.000 166.000
2.00000 711.000 0.947814 550.000 169.000
1.00000 721.000 0.933409 546.000 168.000
2.00000 721.000 0.962899 560.000 169.000
1.00000 731.000 0.942009 552.000 170.000
2.00000 731.000 0.972716 564.000 172.000
1.00000 741.000 0.949391 554.000 173.000
2.00000 741.000 0.984708 570.000 173.000
1.00000 751.000 0.960514 562.000 174.000
2.00000 751.000 0.994316 574.000 176.000
1.00000 761.000 0.967902 568.000 175.000
2.00000 761.000 1.00146 579.000 176.000
1.00000 771.000 0.972770 570.000 178.000
2.00000 771.000 1.00811 581.000 179.000
1.00000 781.000 0.979927 576.000 180.000
2.00000 781.000 1.01419 585.000 180.000
1.00000 791.000 0.993238 584.000 181.000
2.00000 791.000 1.02436 591.000 182.000
1.00000 794.000 1.00068 587.000 181.000
2.00000 794.000 1.02579 594.000 182.000
1.00000 795.000 1.00151 588.000 181.000
2.00000 795.000 1.02693 595.000 182.000
